## MTF ÇúÏß ## 
cy/px	SFR
0.00   100.00   100.00   100.00   100.00   100.00   100.00   100.00   100.00   100.00   100.00
0.00   99.98   99.98   99.97   99.97   99.97   99.97   99.97   99.97   99.97   99.97
0.01   99.90   99.90   99.88   99.89   99.89   99.86   99.87   99.87   99.86   99.90
0.01   99.78   99.79   99.72   99.76   99.76   99.70   99.71   99.71   99.69   99.77
0.02   99.61   99.62   99.51   99.57   99.57   99.46   99.48   99.49   99.45   99.59
0.02   99.39   99.41   99.23   99.32   99.33   99.16   99.20   99.21   99.15   99.36
0.02   99.12   99.15   98.90   99.03   99.04   98.80   98.86   98.87   98.78   99.08
0.03   98.81   98.85   98.51   98.68   98.70   98.37   98.46   98.47   98.35   98.75
0.03   98.45   98.51   98.06   98.28   98.31   97.89   98.01   98.02   97.85   98.37
0.04   98.06   98.13   97.56   97.82   97.86   97.35   97.52   97.51   97.30   97.95
0.04   97.62   97.71   97.01   97.32   97.37   96.75   96.97   96.95   96.70   97.48
0.04   97.14   97.26   96.41   96.77   96.83   96.10   96.39   96.35   96.05   96.98
0.05   96.63   96.77   95.76   96.17   96.23   95.41   95.77   95.70   95.34   96.43
0.05   96.08   96.25   95.07   95.53   95.60   94.67   95.12   95.01   94.59   95.84
0.05   95.50   95.70   94.34   94.84   94.91   93.88   94.44   94.28   93.80   95.21
0.06   94.89   95.12   93.57   94.11   94.18   93.05   93.73   93.51   92.97   94.55
0.06   94.25   94.51   92.76   93.35   93.41   92.19   93.00   92.70   92.11   93.84
0.07   93.59   93.88   91.92   92.55   92.59   91.29   92.25   91.87   91.22   93.11
0.07   92.90   93.23   91.04   91.71   91.73   90.35   91.48   91.00   90.30   92.34
0.07   92.20   92.55   90.14   90.85   90.83   89.39   90.69   90.11   89.36   91.54
0.08   91.47   91.86   89.21   89.96   89.88   88.40   89.89   89.18   88.39   90.71
0.08   90.73   91.15   88.26   89.06   88.90   87.38   89.07   88.24   87.41   89.85
0.09   89.97   90.42   87.29   88.13   87.89   86.34   88.24   87.27   86.42   88.96
0.09   89.20   89.68   86.30   87.19   86.83   85.27   87.40   86.28   85.42   88.04
0.09   88.42   88.92   85.30   86.24   85.74   84.19   86.55   85.26   84.41   87.10
0.10   87.63   88.15   84.28   85.28   84.62   83.08   85.68   84.23   83.40   86.13
0.10   86.83   87.36   83.25   84.31   83.47   81.96   84.80   83.18   82.39   85.13
0.11   86.02   86.57   82.20   83.34   82.29   80.82   83.91   82.10   81.37   84.11
0.11   85.21   85.76   81.15   82.37   81.09   79.67   83.01   81.02   80.36   83.07
0.11   84.38   84.94   80.09   81.41   79.86   78.50   82.09   79.91   79.36   82.01
0.12   83.56   84.12   79.02   80.44   78.61   77.32   81.16   78.79   78.36   80.92
0.12   82.72   83.28   77.94   79.48   77.35   76.13   80.22   77.65   77.37   79.82
0.13   81.89   82.44   76.86   78.52   76.06   74.92   79.27   76.51   76.38   78.70
0.13   81.04   81.58   75.77   77.57   74.77   73.71   78.30   75.34   75.41   77.56
0.13   80.19   80.73   74.68   76.62   73.47   72.49   77.33   74.17   74.44   76.41
0.14   79.33   79.86   73.59   75.68   72.16   71.26   76.34   72.99   73.48   75.25
0.14   78.47   78.99   72.49   74.74   70.85   70.03   75.35   71.79   72.54   74.08
0.15   77.60   78.12   71.38   73.80   69.54   68.79   74.34   70.59   71.60   72.89
0.15   76.73   77.24   70.28   72.86   68.23   67.55   73.33   69.39   70.66   71.70
0.15   75.84   76.36   69.17   71.93   66.93   66.31   72.32   68.18   69.74   70.50
0.16   74.95   75.47   68.06   70.99   65.64   65.07   71.30   66.97   68.81   69.30
0.16   74.05   74.59   66.95   70.04   64.36   63.84   70.27   65.75   67.90   68.10
0.16   73.14   73.70   65.83   69.10   63.10   62.61   69.25   64.54   66.98   66.89
0.17   72.23   72.82   64.72   68.14   61.85   61.38   68.22   63.33   66.07   65.68
0.17   71.30   71.93   63.61   67.19   60.63   60.16   67.20   62.12   65.15   64.48
0.18   70.37   71.05   62.50   66.22   59.42   58.96   66.17   60.92   64.23   63.27
0.18   69.44   70.17   61.39   65.25   58.24   57.76   65.15   59.72   63.31   62.07
0.18   68.49   69.29   60.28   64.27   57.09   56.58   64.12   58.53   62.38   60.87
0.19   67.54   68.41   59.18   63.28   55.96   55.41   63.10   57.34   61.44   59.68
0.19   66.59   67.54   58.09   62.29   54.86   54.25   62.08   56.17   60.50   58.49
0.20   65.64   66.67   57.00   61.29   53.78   53.12   61.05   55.00   59.55   57.31
0.20   64.68   65.80   55.92   60.29   52.73   52.00   60.03   53.84   58.59   56.13
0.20   63.72   64.94   54.84   59.28   51.70   50.91   59.00   52.69   57.62   54.97
0.21   62.76   64.08   53.77   58.27   50.70   49.83   57.97   51.55   56.64   53.81
0.21   61.80   63.23   52.72   57.27   49.73   48.78   56.93   50.42   55.65   52.66
0.22   60.85   62.37   51.67   56.26   48.78   47.75   55.89   49.29   54.65   51.53
0.22   59.90   61.52   50.63   55.26   47.85   46.74   54.84   48.17   53.65   50.40
0.22   58.95   60.68   49.61   54.27   46.94   45.76   53.79   47.05   52.63   49.30
0.23   58.01   59.83   48.59   53.28   46.06   44.79   52.72   45.95   51.62   48.20
0.23   57.08   58.99   47.59   52.30   45.19   43.86   51.65   44.84   50.60   47.13
0.24   56.15   58.15   46.60   51.34   44.34   42.95   50.57   43.75   49.57   46.08
0.24   55.24   57.31   45.62   50.38   43.51   42.06   49.48   42.65   48.55   45.05
0.24   54.33   56.47   44.65   49.43   42.70   41.19   48.38   41.56   47.54   44.05
0.25   53.43   55.63   43.70   48.49   41.90   40.35   47.27   40.48   46.52   43.08
0.25   52.53   54.79   42.76   47.56   41.12   39.53   46.16   39.40   45.52   42.13
0.25   51.65   53.96   41.83   46.65   40.35   38.73   45.05   38.33   44.53   41.23
0.26   50.78   53.12   40.91   45.74   39.60   37.96   43.94   37.26   43.54   40.36
0.26   49.91   52.29   40.00   44.85   38.86   37.21   42.82   36.21   42.58   39.53
0.27   49.05   51.45   39.11   43.96   38.13   36.47   41.72   35.16   41.63   38.74
0.27   48.20   50.62   38.23   43.08   37.42   35.76   40.61   34.12   40.71   38.00
0.27   47.36   49.79   37.36   42.21   36.72   35.07   39.52   33.10   39.80   37.30
0.28   46.53   48.96   36.51   41.34   36.04   34.40   38.45   32.10   38.92   36.65
0.28   45.70   48.14   35.67   40.48   35.37   33.74   37.39   31.11   38.06   36.04
0.29   44.87   47.32   34.84   39.63   34.71   33.10   36.35   30.15   37.23   35.48
0.29   44.06   46.50   34.03   38.78   34.06   32.48   35.34   29.21   36.43   34.96
0.29   43.25   45.69   33.23   37.94   33.43   31.87   34.35   28.30   35.65   34.48
0.30   42.44   44.89   32.45   37.10   32.81   31.28   33.39   27.42   34.91   34.03
0.30   41.64   44.10   31.68   36.26   32.20   30.70   32.47   26.57   34.19   33.62
0.31   40.85   43.31   30.93   35.44   31.60   30.13   31.58   25.76   33.50   33.24
0.31   40.06   42.54   30.20   34.62   31.02   29.57   30.72   24.98   32.83   32.88
0.31   39.28   41.77   29.48   33.82   30.44   29.03   29.90   24.25   32.20   32.54
0.32   38.51   41.02   28.78   33.03   29.87   28.49   29.13   23.55   31.59   32.21
0.32   37.74   40.27   28.10   32.25   29.31   27.97   28.38   22.90   31.00   31.88
0.33   36.99   39.54   27.43   31.49   28.76   27.45   27.68   22.28   30.44   31.56
0.33   36.24   38.82   26.78   30.75   28.21   26.94   27.01   21.71   29.90   31.24
0.33   35.51   38.11   26.15   30.04   27.66   26.43   26.38   21.18   29.38   30.91
0.34   34.78   37.41   25.53   29.35   27.11   25.93   25.77   20.68   28.87   30.56
0.34   34.07   36.72   24.93   28.68   26.56   25.44   25.20   20.23   28.39   30.20
0.35   33.37   36.04   24.35   28.05   26.01   24.95   24.64   19.80   27.91   29.82
0.35   32.69   35.37   23.77   27.45   25.45   24.46   24.11   19.41   27.45   29.42
0.35   32.02   34.71   23.21   26.87   24.89   23.98   23.60   19.05   26.99   28.99
0.36   31.36   34.06   22.66   26.33   24.33   23.50   23.09   18.71   26.54   28.53
0.36   30.72   33.42   22.12   25.82   23.76   23.03   22.60   18.39   26.09   28.05
0.36   30.09   32.78   21.58   25.34   23.19   22.56   22.11   18.09   25.65   27.55
0.37   29.48   32.15   21.06   24.89   22.61   22.10   21.62   17.80   25.21   27.01
0.37   28.89   31.53   20.53   24.46   22.03   21.64   21.13   17.53   24.77   26.46
0.38   28.31   30.90   20.01   24.06   21.45   21.19   20.64   17.26   24.33   25.88
0.38   27.75   30.28   19.49   23.68   20.87   20.74   20.14   16.99   23.89   25.28
0.38   27.20   29.67   18.97   23.33   20.29   20.30   19.63   16.72   23.44   24.66
0.39   26.67   29.05   18.44   22.98   19.72   19.86   19.11   16.45   23.00   24.03
0.39   26.15   28.43   17.92   22.65   19.16   19.43   18.58   16.18   22.55   23.39
0.40   25.64   27.82   17.40   22.33   18.60   19.02   18.04   15.90   22.11   22.74
0.40   25.15   27.20   16.87   22.02   18.06   18.60   17.49   15.62   21.67   22.09
0.40   24.67   26.58   16.35   21.71   17.54   18.20   16.93   15.32   21.24   21.43
0.41   24.21   25.96   15.83   21.40   17.04   17.81   16.36   15.02   20.81   20.77
0.41   23.75   25.34   15.32   21.08   16.55   17.43   15.78   14.71   20.38   20.12
0.42   23.30   24.72   14.81   20.76   16.09   17.05   15.20   14.40   19.97   19.48
0.42   22.87   24.10   14.31   20.42   15.65   16.69   14.61   14.08   19.57   18.84
0.42   22.44   23.48   13.83   20.08   15.23   16.34   14.02   13.75   19.18   18.21
0.43   22.03   22.86   13.37   19.72   14.84   16.00   13.43   13.43   18.81   17.60
0.43   21.62   22.25   12.93   19.34   14.46   15.67   12.85   13.11   18.45   16.99
0.44   21.23   21.63   12.52   18.94   14.10   15.35   12.26   12.79   18.10   16.40
0.44   20.84   21.02   12.13   18.53   13.76   15.04   11.68   12.49   17.77   15.82
0.44   20.46   20.42   11.79   18.09   13.43   14.74   11.11   12.19   17.46   15.26
0.45   20.09   19.83   11.48   17.62   13.11   14.46   10.55   11.92   17.17   14.70
0.45   19.73   19.24   11.21   17.14   12.79   14.18   10.01   11.66   16.90   14.16
0.45   19.37   18.66   10.98   16.63   12.47   13.91   9.48   11.42   16.64   13.63
0.46   19.03   18.09   10.79   16.10   12.15   13.66   8.96   11.20   16.40   13.11
0.46   18.69   17.54   10.64   15.55   11.81   13.41   8.47   11.00   16.17   12.60
0.47   18.36   17.00   10.53   14.98   11.46   13.16   8.00   10.83   15.97   12.10
0.47   18.04   16.48   10.46   14.39   11.09   12.92   7.56   10.69   15.77   11.61
0.47   17.73   15.97   10.41   13.79   10.70   12.68   7.14   10.56   15.60   11.13
0.48   17.42   15.48   10.39   13.19   10.28   12.44   6.75   10.46   15.43   10.67
0.48   17.12   15.01   10.40   12.58   9.83   12.20   6.40   10.37   15.28   10.21
0.49   16.83   14.57   10.42   11.98   9.35   11.95   6.08   10.29   15.14   9.78
0.49   16.55   14.14   10.44   11.38   8.83   11.69   5.79   10.23   15.02   9.36
0.49   16.27   13.73   10.48   10.80   8.29   11.43   5.55   10.17   14.90   8.96
0.50   16.00   13.35   10.51   10.25   7.70   11.15   5.34   10.12   14.79   8.60
0.50   15.73   13.00   10.54   9.72   7.09   10.86   5.17   10.06   14.69   8.27
