## MTF ÇúÏß ## 
cy/px	SFR
0.00   100.00   100.00   100.00   100.00   100.00   100.00   100.00   100.00   100.00   100.00
0.00   99.98   99.98   99.96   99.96   99.98   99.97   99.97   99.96   99.98   99.97
0.01   99.93   99.93   99.83   99.84   99.92   99.88   99.89   99.86   99.90   99.87
0.01   99.85   99.85   99.62   99.65   99.81   99.74   99.76   99.68   99.78   99.72
0.02   99.73   99.74   99.32   99.38   99.66   99.53   99.58   99.43   99.60   99.50
0.02   99.58   99.59   98.95   99.03   99.47   99.27   99.34   99.11   99.38   99.22
0.02   99.39   99.41   98.50   98.62   99.23   98.96   99.06   98.72   99.11   98.89
0.03   99.17   99.21   97.99   98.13   98.94   98.59   98.72   98.27   98.78   98.50
0.03   98.93   98.97   97.40   97.58   98.61   98.17   98.34   97.76   98.40   98.06
0.04   98.65   98.70   96.75   96.97   98.24   97.69   97.91   97.19   97.97   97.57
0.04   98.34   98.41   96.05   96.29   97.81   97.17   97.44   96.56   97.49   97.04
0.04   98.01   98.09   95.29   95.56   97.34   96.60   96.92   95.87   96.96   96.47
0.05   97.65   97.74   94.49   94.78   96.81   95.98   96.37   95.14   96.38   95.86
0.05   97.26   97.37   93.65   93.96   96.24   95.31   95.77   94.35   95.74   95.21
0.05   96.85   96.97   92.77   93.09   95.63   94.60   95.14   93.52   95.06   94.54
0.06   96.42   96.55   91.86   92.18   94.97   93.85   94.48   92.66   94.33   93.84
0.06   95.96   96.12   90.93   91.24   94.26   93.06   93.78   91.75   93.56   93.12
0.07   95.49   95.66   89.97   90.26   93.51   92.23   93.05   90.81   92.75   92.38
0.07   94.99   95.18   88.99   89.26   92.73   91.36   92.30   89.83   91.89   91.63
0.07   94.48   94.68   87.99   88.24   91.91   90.45   91.51   88.83   91.00   90.86
0.08   93.95   94.17   86.98   87.20   91.05   89.50   90.71   87.80   90.08   90.09
0.08   93.40   93.64   85.96   86.14   90.17   88.52   89.88   86.75   89.13   89.30
0.09   92.84   93.10   84.92   85.06   89.27   87.51   89.04   85.68   88.15   88.51
0.09   92.27   92.54   83.87   83.97   88.35   86.46   88.17   84.59   87.15   87.72
0.09   91.69   91.97   82.81   82.88   87.41   85.38   87.29   83.47   86.14   86.92
0.10   91.09   91.38   81.74   81.77   86.45   84.27   86.39   82.34   85.12   86.11
0.10   90.48   90.78   80.65   80.65   85.49   83.13   85.47   81.20   84.08   85.31
0.11   89.86   90.17   79.55   79.53   84.53   81.96   84.54   80.04   83.05   84.50
0.11   89.24   89.55   78.44   78.39   83.56   80.77   83.60   78.86   82.01   83.69
0.11   88.60   88.92   77.31   77.26   82.59   79.55   82.65   77.68   80.98   82.88
0.12   87.96   88.27   76.16   76.11   81.62   78.32   81.68   76.48   79.95   82.07
0.12   87.31   87.61   75.01   74.95   80.66   77.06   80.70   75.26   78.93   81.25
0.13   86.66   86.94   73.83   73.78   79.70   75.78   79.71   74.04   77.92   80.43
0.13   86.00   86.26   72.64   72.61   78.74   74.50   78.71   72.80   76.92   79.61
0.13   85.33   85.57   71.44   71.42   77.78   73.20   77.70   71.55   75.93   78.78
0.14   84.66   84.86   70.23   70.22   76.83   71.90   76.67   70.29   74.96   77.94
0.14   83.99   84.14   69.00   69.00   75.87   70.59   75.64   69.02   73.99   77.11
0.15   83.31   83.41   67.77   67.77   74.91   69.28   74.59   67.74   73.05   76.26
0.15   82.63   82.67   66.53   66.52   73.94   67.97   73.53   66.45   72.11   75.41
0.15   81.94   81.92   65.29   65.26   72.97   66.67   72.46   65.15   71.18   74.55
0.16   81.25   81.16   64.04   63.98   71.98   65.38   71.38   63.84   70.27   73.69
0.16   80.56   80.38   62.80   62.68   70.98   64.09   70.29   62.53   69.37   72.82
0.16   79.86   79.59   61.57   61.37   69.96   62.83   69.19   61.21   68.47   71.94
0.17   79.16   78.80   60.34   60.04   68.93   61.58   68.07   59.89   67.58   71.06
0.17   78.46   77.99   59.13   58.69   67.87   60.34   66.95   58.57   66.70   70.18
0.18   77.75   77.17   57.93   57.33   66.79   59.13   65.82   57.25   65.82   69.29
0.18   77.04   76.35   56.75   55.96   65.68   57.94   64.68   55.93   64.95   68.39
0.18   76.32   75.52   55.59   54.58   64.55   56.76   63.53   54.61   64.09   67.50
0.19   75.60   74.69   54.46   53.18   63.39   55.61   62.37   53.30   63.23   66.59
0.19   74.87   73.84   53.35   51.78   62.21   54.48   61.21   52.00   62.38   65.69
0.20   74.14   73.00   52.26   50.38   61.01   53.37   60.04   50.71   61.53   64.78
0.20   73.40   72.16   51.19   48.98   59.79   52.28   58.87   49.44   60.69   63.87
0.20   72.65   71.31   50.15   47.58   58.54   51.21   57.69   48.18   59.86   62.95
0.21   71.89   70.47   49.13   46.19   57.28   50.15   56.51   46.93   59.04   62.03
0.21   71.13   69.62   48.13   44.81   56.01   49.11   55.33   45.71   58.22   61.11
0.22   70.36   68.79   47.15   43.44   54.73   48.07   54.15   44.52   57.41   60.18
0.22   69.58   67.96   46.18   42.09   53.44   47.05   52.97   43.35   56.62   59.25
0.22   68.79   67.13   45.23   40.75   52.16   46.03   51.79   42.20   55.83   58.31
0.23   67.99   66.32   44.29   39.44   50.87   45.02   50.61   41.09   55.06   57.36
0.23   67.19   65.52   43.34   38.16   49.60   44.01   49.43   40.01   54.29   56.41
0.24   66.37   64.72   42.41   36.90   48.33   43.00   48.26   38.97   53.53   55.44
0.24   65.55   63.95   41.46   35.67   47.08   41.98   47.09   37.96   52.78   54.47
0.24   64.72   63.18   40.52   34.48   45.85   40.97   45.93   36.98   52.04   53.48
0.25   63.88   62.43   39.56   33.31   44.64   39.95   44.77   36.05   51.30   52.49
0.25   63.04   61.69   38.59   32.18   43.46   38.93   43.61   35.15   50.56   51.48
0.25   62.19   60.97   37.61   31.08   42.30   37.91   42.46   34.29   49.82   50.45
0.26   61.33   60.26   36.61   30.01   41.17   36.88   41.31   33.47   49.07   49.41
0.26   60.47   59.57   35.59   28.98   40.07   35.86   40.17   32.69   48.32   48.36
0.27   59.61   58.89   34.55   27.97   39.00   34.83   39.02   31.95   47.56   47.30
0.27   58.74   58.22   33.49   26.99   37.96   33.80   37.89   31.24   46.79   46.22
0.27   57.88   57.57   32.42   26.05   36.96   32.77   36.75   30.56   46.00   45.13
0.28   57.02   56.92   31.32   25.12   35.98   31.76   35.62   29.91   45.19   44.03
0.28   56.16   56.29   30.21   24.22   35.04   30.74   34.49   29.29   44.37   42.92
0.29   55.30   55.66   29.08   23.35   34.13   29.74   33.36   28.70   43.52   41.80
0.29   54.45   55.04   27.93   22.49   33.25   28.76   32.24   28.14   42.66   40.68
0.29   53.61   54.43   26.78   21.65   32.39   27.78   31.12   27.59   41.77   39.56
0.30   52.78   53.81   25.61   20.83   31.56   26.83   30.01   27.06   40.86   38.45
0.30   51.96   53.20   24.44   20.03   30.76   25.90   28.90   26.55   39.94   37.34
0.31   51.15   52.59   23.27   19.24   29.98   24.99   27.80   26.04   38.99   36.24
0.31   50.36   51.97   22.09   18.47   29.23   24.10   26.72   25.54   38.03   35.16
0.31   49.58   51.36   20.92   17.71   28.49   23.23   25.65   25.05   37.06   34.10
0.32   48.82   50.73   19.75   16.97   27.78   22.39   24.59   24.56   36.09   33.07
0.32   48.08   50.10   18.58   16.24   27.09   21.58   23.56   24.07   35.11   32.07
0.33   47.36   49.47   17.43   15.53   26.41   20.79   22.54   23.58   34.14   31.10
0.33   46.65   48.82   16.29   14.83   25.75   20.02   21.56   23.08   33.17   30.17
0.33   45.97   48.17   15.17   14.16   25.11   19.28   20.60   22.58   32.22   29.28
0.34   45.30   47.50   14.07   13.51   24.49   18.56   19.68   22.06   31.29   28.44
0.34   44.66   46.83   12.98   12.89   23.88   17.86   18.80   21.54   30.38   27.64
0.35   44.03   46.15   11.93   12.29   23.29   17.19   17.96   21.02   29.50   26.90
0.35   43.43   45.46   10.89   11.72   22.71   16.54   17.16   20.48   28.66   26.20
0.35   42.84   44.77   9.89   11.18   22.15   15.91   16.41   19.94   27.86   25.56
0.36   42.28   44.07   8.92   10.68   21.61   15.30   15.71   19.40   27.10   24.96
0.36   41.73   43.36   7.99   10.22   21.07   14.71   15.06   18.85   26.38   24.41
0.36   41.19   42.65   7.11   9.81   20.56   14.14   14.46   18.30   25.71   23.90
0.37   40.68   41.94   6.27   9.43   20.06   13.59   13.92   17.75   25.08   23.44
0.37   40.17   41.23   5.50   9.10   19.57   13.07   13.44   17.21   24.49   23.02
0.38   39.69   40.52   4.81   8.83   19.09   12.56   13.01   16.68   23.95   22.63
0.38   39.21   39.81   4.22   8.60   18.63   12.08   12.64   16.16   23.44   22.27
0.38   38.74   39.11   3.75   8.42   18.17   11.62   12.32   15.66   22.97   21.93
0.39   38.29   38.42   3.43   8.30   17.73   11.18   12.06   15.17   22.53   21.62
0.39   37.84   37.74   3.30   8.22   17.29   10.76   11.84   14.71   22.11   21.32
0.40   37.40   37.07   3.33   8.20   16.86   10.36   11.68   14.27   21.72   21.03
0.40   36.96   36.41   3.52   8.22   16.43   9.98   11.56   13.85   21.33   20.75
0.40   36.53   35.76   3.83   8.28   16.01   9.62   11.48   13.46   20.96   20.47
0.41   36.10   35.13   4.20   8.39   15.59   9.27   11.44   13.09   20.59   20.18
0.41   35.68   34.52   4.63   8.53   15.18   8.94   11.44   12.75   20.22   19.89
0.42   35.25   33.92   5.08   8.71   14.78   8.62   11.46   12.42   19.85   19.58
0.42   34.83   33.34   5.54   8.91   14.38   8.32   11.52   12.11   19.46   19.26
0.42   34.40   32.78   6.00   9.13   14.00   8.02   11.60   11.82   19.06   18.93
0.43   33.98   32.24   6.46   9.37   13.63   7.73   11.70   11.53   18.65   18.57
0.43   33.55   31.71   6.92   9.62   13.27   7.45   11.81   11.25   18.22   18.19
0.44   33.12   31.20   7.36   9.87   12.94   7.17   11.95   10.96   17.77   17.79
0.44   32.68   30.71   7.79   10.12   12.63   6.89   12.09   10.66   17.29   17.36
0.44   32.24   30.23   8.21   10.36   12.35   6.61   12.24   10.35   16.79   16.91
0.45   31.79   29.77   8.61   10.58   12.11   6.32   12.40   10.02   16.28   16.45
0.45   31.33   29.32   9.00   10.79   11.89   6.04   12.57   9.66   15.74   15.96
0.45   30.87   28.88   9.35   10.98   11.72   5.74   12.74   9.27   15.19   15.45
0.46   30.41   28.45   9.69   11.13   11.59   5.44   12.91   8.85   14.63   14.93
0.46   29.93   28.03   9.99   11.26   11.51   5.13   13.07   8.40   14.06   14.40
0.47   29.45   27.62   10.27   11.35   11.47   4.81   13.24   7.91   13.50   13.86
0.47   28.96   27.22   10.50   11.41   11.48   4.47   13.39   7.38   12.95   13.31
0.47   28.47   26.82   10.70   11.43   11.54   4.12   13.54   6.81   12.42   12.76
0.48   27.97   26.42   10.86   11.42   11.64   3.75   13.67   6.21   11.94   12.22
0.48   27.46   26.02   10.98   11.37   11.79   3.36   13.79   5.57   11.50   11.68
0.49   26.94   25.62   11.06   11.29   11.98   2.96   13.89   4.91   11.12   11.15
0.49   26.42   25.23   11.09   11.18   12.21   2.56   13.96   4.24   10.81   10.63
0.49   25.90   24.83   11.07   11.06   12.46   2.14   14.00   3.57   10.59   10.13
0.50   25.36   24.43   11.01   10.91   12.75   1.75   14.01   2.93   10.45   9.65
0.50   24.83   24.02   10.91   10.75   13.06   1.43   13.98   2.39   10.39   9.19
